46.62699256110477
1 1
2 1
3 1
4 13
5 2
6 1
7 1
8 3
9 9
10 12
11 4
12 2
13 19
14 5
15 18
16 17
17 21
18 20
19 21
20 18
21 3
22 13
23 21
24 5
25 7
26 5
27 19
28 1
29 2
30 2
31 2
32 9
33 9
34 9
35 9
36 9
37 7
38 16
39 7
40 7
41 7
42 6
43 8
44 8
45 4
46 21
47 6
48 5
49 10
50 21
51 2
52 11
53 11
54 11
55 2
56 3
57 11
58 10
59 10
60 11
61 10
62 11
63 21
64 14
65 13
66 1
67 3
68 3
69 14
70 11
71 18
72 10
73 1
74 14
75 14
76 15
77 1
78 18
79 6
80 6
81 6
82 13
83 5
84 2
85 12
86 12
87 3
88 15
89 13
90 15
91 4
92 20
93 1
94 16
95 15
96 10
97 21
98 12
99 11
100 17
101 18
102 19
103 20
104 5
105 12
106 15
107 4
108 20
109 20
110 20
111 20
112 14
113 16
114 17
115 17
116 17
117 5
118 17
119 16
120 19
121 17
122 7
123 4
124 21
125 18
126 21
127 21
128 6
129 6
130 14
131 13
132 14
133 13
134 18
135 3
136 3
137 3
138 13
139 4
140 13
141 5
142 10
143 13
144 15
145 21
146 9
147 21
148 21
149 21
150 3
151 2
152 18
153 8
154 8
155 10
156 10
157 6
158 5
159 12
160 16
161 12
162 5
163 6
164 3
165 18
166 15
167 15
168 19
169 6
170 19
171 14
172 15
173 21
174 21
175 8
176 16
177 10
178 18
179 16
180 1
181 2
