158.24058919803593
1 5
2 5
3 2
4 7
5 3
6 2
7 2
8 2
9 6
10 3
11 3
12 6
13 10
14 3
15 3
16 4
17 12
18 9
19 1
20 12
21 2
22 9
23 12
24 12
25 9
26 2
27 5
28 5
29 4
30 8
31 8
32 13
33 3
34 8
35 13
36 10
37 3
38 2
39 12
40 2
41 13
42 9
43 13
44 9
45 1
46 1
47 13
48 13
49 4
50 3
51 4
52 4
53 8
54 3
55 4
56 4
57 8
58 13
59 1
60 12
61 9
62 1
63 1
64 13
65 9
66 13
67 1
68 13
69 13
70 13
71 11
72 4
73 8
74 8
75 8
76 8
77 13
78 10
79 8
80 10
81 13
82 8
83 13
84 13
85 9
86 13
87 13
88 2
89 12
90 2
91 1
92 13
93 12
94 12
95 6
96 6
97 12
98 10
99 10
100 6
101 10
102 10
103 12
104 12
105 1
106 1
107 6
108 6
109 1
110 1
111 1
112 10
113 13
114 10
115 13
116 4
117 10
118 8
119 10
120 1
121 2
122 9
123 1
124 13
125 12
126 2
127 2
128 2
129 9
130 7
131 4
132 10
133 11
134 9
135 5
136 8
137 11
138 7
139 3
