30.629319752637354
1 1
2 3
3 7
4 1
5 9
6 4
7 7
8 1
9 6
10 2
11 4
12 2
13 2
14 8
15 2
16 2
17 10
18 4
19 9
20 6
21 1
22 10
23 3
24 4
25 1
26 6
27 10
28 8
29 1
30 3
31 1
32 1
33 6
34 6
35 9
36 2
37 4
38 9
39 10
40 4
41 7
42 8
43 10
44 1
45 6
46 1
47 1
48 10
49 3
50 6
51 1
52 8
53 3
54 5
55 10
56 1
57 9
58 10
59 8
60 5
61 7
62 3
63 6
64 4
65 9
66 1
67 5
68 9
69 1
70 3
71 10
72 8
73 5
74 1
75 1
76 1
77 6
78 10
79 8
80 3
81 2
82 1
83 3
84 7
85 5
86 10
87 1
88 2
89 10
90 4
91 5
92 7
93 5
94 8
95 3
96 9
97 9
98 10
99 6
100 8
101 2
102 2
103 8
104 2
105 2
106 1
107 10
108 8
109 2
110 3
111 10
112 5
113 7
114 9
115 7
116 1
117 4
118 2
119 2
120 9
121 3
122 4
123 6
124 1
125 8
126 8
127 8
128 10
129 9
130 10
131 6
132 3
133 10
134 5
135 8
136 9
137 7
138 10
139 10
140 2
141 3
142 10
143 7
144 8
145 5
146 7
147 4
148 9
149 1
150 10
151 1
152 3
153 3
154 1
155 1
156 10
157 10
158 7
159 1
160 6
161 8
162 5
163 2
164 1
165 10
166 2
167 1
168 10
169 1
170 1
171 5
172 8
173 6
174 3
175 10
176 2
177 4
178 2
179 4
180 10
181 10
182 1
183 3
184 4
