11.422477064220299
1 2
2 22
3 13
4 20
5 10
6 6
7 17
8 1
9 15
10 22
11 7
12 1
13 20
14 18
15 17
16 9
17 6
18 3
19 21
20 1
21 12
22 15
23 23
24 7
25 2
26 20
27 21
28 3
29 19
30 4
31 7
32 13
33 9
34 23
35 4
36 23
37 15
38 13
39 2
40 23
41 23
42 19
43 22
44 6
45 10
46 16
47 1
48 11
49 16
50 8
51 9
52 20
53 9
54 21
55 7
56 8
57 12
58 2
59 15
60 7
61 1
62 5
63 10
64 1
65 13
66 22
67 1
68 2
69 11
70 6
71 9
72 23
73 1
74 8
75 20
76 23
77 23
78 14
79 1
80 4
81 11
82 19
83 15
84 8
85 22
86 12
87 4
88 2
89 20
90 23
91 16
92 9
93 18
94 20
95 10
96 10
97 15
98 20
99 18
100 2
101 12
102 7
103 11
104 3
105 17
106 23
107 14
108 19
109 5
110 16
111 3
112 13
113 8
114 20
115 5
116 20
117 5
118 23
119 13
120 22
121 11
122 23
123 9
124 1
125 4
126 19
127 12
128 23
129 2
130 2
131 23
132 8
133 12
134 4
135 1
136 23
137 19
138 5
139 1
140 10
141 21
142 15
143 10
144 18
145 19
146 1
147 17
148 15
149 1
150 14
151 6
152 3
153 9
154 21
155 15
156 21
157 6
158 8
159 2
160 18
161 17
162 9
163 13
164 12
165 23
166 20
167 7
168 23
169 1
170 3
171 6
172 3
173 13
174 12
175 5
176 16
177 22
178 22
179 16
180 7
181 1
182 20
183 4
184 12
185 23
186 1
187 4
188 15
189 22
190 13
191 17
192 19
193 19
194 1
195 19
196 8
197 11
198 10
199 23
200 4
201 3
202 18
203 12
204 4
205 23
206 21
207 10
208 14
209 7
210 7
211 22
212 5
213 15
214 14
215 14
216 14
217 8
218 23
219 3
220 22
221 8
222 6
223 13
224 18
225 23
226 1
227 12
228 9
229 10
230 16
231 4
232 5
233 17
234 18
235 1
236 2
237 11
238 14
239 1
240 13
241 7
242 19
243 1
244 6
245 17
246 17
247 13
248 4
249 6
250 20
251 6
252 11
253 15
254 2
255 1
256 16
257 6
258 6
259 1
260 20
261 14
