47.448888888888675
1 1
2 7
3 1
4 1
5 4
6 3
7 10
8 6
9 6
10 2
11 2
12 17
13 18
14 18
15 3
16 7
17 23
18 23
19 9
20 8
21 4
22 9
23 8
24 21
25 22
26 9
27 22
28 10
29 3
30 6
31 24
32 7
33 11
34 13
35 19
36 13
37 12
38 19
39 22
40 23
41 20
42 20
43 10
44 22
45 17
46 13
47 11
48 8
49 6
50 21
51 4
52 2
53 2
54 2
55 19
56 24
57 17
58 18
59 14
60 20
61 20
62 20
63 1
64 15
65 18
66 14
67 8
68 15
69 2
70 2
71 23
72 14
73 19
74 13
75 3
76 9
77 21
78 16
79 3
80 3
81 16
82 16
83 16
84 16
85 16
86 16
87 16
88 16
89 15
90 12
91 16
92 4
93 4
94 19
95 4
96 6
97 1
98 12
99 1
100 1
101 1
102 4
103 24
104 4
105 7
106 17
107 1
108 14
109 7
110 13
111 1
112 3
113 2
114 6
115 5
116 10
117 10
118 24
119 1
120 24
121 7
122 5
123 7
124 3
125 5
126 20
127 10
128 24
129 5
130 23
131 9
132 24
133 15
134 9
135 9
136 12
137 12
138 12
139 4
140 11
141 21
142 23
143 11
144 22
145 18
146 13
147 18
148 24
149 4
150 7
151 24
152 3
153 13
154 5
155 5
156 6
157 5
158 12
159 18
160 5
161 13
162 1
163 24
164 19
165 5
166 23
167 11
168 23
169 1
170 11
171 24
172 1
173 14
174 1
175 20
176 1
177 15
178 1
179 24
180 3
181 14
182 15
183 24
184 6
185 17
186 13
187 4
188 1
189 19
190 10
