14.420396184886282
1 18
2 4
3 9
4 3
5 17
6 14
7 7
8 1
9 7
10 1
11 7
12 13
13 9
14 1
15 17
16 14
17 17
18 18
19 4
20 12
21 4
22 2
23 3
24 1
25 10
26 10
27 1
28 2
29 2
30 14
31 11
32 5
33 6
34 4
35 16
36 8
37 3
38 13
39 1
40 15
41 12
42 4
43 4
44 1
45 6
46 14
47 12
48 18
49 8
50 1
51 18
52 6
53 17
54 17
55 17
56 18
57 7
58 17
59 15
60 16
61 5
62 14
63 10
64 12
65 5
66 3
67 18
68 9
69 8
70 9
71 7
72 4
73 13
74 9
75 15
76 1
77 2
78 8
79 6
80 10
81 11
82 11
83 1
84 16
85 8
86 16
87 7
88 16
89 7
90 18
91 7
92 4
93 6
94 13
95 1
96 12
97 16
98 4
99 12
100 5
101 3
102 17
103 18
104 18
105 14
106 9
107 2
108 18
109 15
110 12
111 1
112 5
113 18
114 9
115 6
116 10
117 18
118 13
119 7
120 9
121 9
122 14
123 1
124 18
125 18
126 17
127 3
128 1
129 13
130 18
131 10
132 18
133 9
134 12
135 18
136 2
137 18
138 12
139 18
140 1
141 7
142 10
143 1
144 1
145 12
146 17
147 3
148 1
149 1
150 18
151 14
152 4
153 9
154 1
155 6
156 1
157 18
158 7
159 13
160 18
161 1
162 18
163 12
164 1
165 14
166 2
167 18
168 1
169 1
170 11
171 18
172 12
173 18
174 18
175 18
176 18
177 8
178 18
179 18
180 14
181 6
182 8
183 11
184 18
185 16
186 18
187 12
188 9
189 1
190 7
191 14
192 17
193 2
194 18
195 5
196 11
197 1
198 11
199 5
200 2
201 13
202 8
203 17
204 18
205 18
206 15
207 1
208 7
209 18
210 4
211 17
212 15
213 17
214 5
215 1
216 17
217 18
218 18
219 11
220 1
221 11
222 7
223 17
224 11
225 2
226 18
227 6
228 6
229 6
230 12
231 2
232 12
233 13
234 6
235 8
236 15
237 17
238 10
239 8
240 7
241 14
242 18
243 9
244 14
245 6
246 8
247 12
248 10
249 7
250 15
251 4
252 8
253 16
254 5
255 5
256 1
257 9
258 18
259 7
260 18
261 1
262 18
263 18
264 4
265 18
266 18
267 11
268 17
269 17
270 5
271 16
272 18
273 10
274 12
275 18
276 4
277 12
278 1
279 8
280 18
281 7
282 5
283 9
284 2
285 11
286 5
287 6
288 17
289 15
290 18
291 8
292 13
293 7
294 1
295 18
296 1
297 16
298 8
299 6
300 7
301 12
302 3
303 13
304 11
305 12
306 5
307 18
308 1
309 7
310 12
311 1
312 7
313 3
314 9
315 18
316 18
317 16
318 17
319 18
320 10
321 18
322 8
323 10
324 1
325 13
326 8
327 1
328 16
329 12
330 10
331 18
332 18
333 16
334 7
335 16
336 8
337 14
338 9
339 1
340 4
341 16
342 9
343 1
344 2
345 9
346 16
347 5
348 5
349 15
350 12
351 7
352 8
353 10
354 16
355 14
356 1
357 18
358 16
359 5
360 4
361 13
362 13
363 18
364 1
365 6
366 6
367 13
368 12
369 2
370 15
371 18
372 18
373 3
374 9
375 18
376 7
377 8
378 16
379 18
380 10
381 18
