19.489998130491728
1 8
2 8
3 8
4 13
5 19
6 1
7 17
8 14
9 9
10 4
11 20
12 14
13 8
14 16
15 1
16 1
17 20
18 16
19 3
20 7
21 1
22 1
23 19
24 8
25 1
26 4
27 1
28 19
29 9
30 16
31 12
32 14
33 17
34 6
35 1
36 13
37 20
38 7
39 9
40 7
41 15
42 5
43 1
44 10
45 10
46 16
47 20
48 1
49 10
50 1
51 2
52 3
53 1
54 1
55 16
56 13
57 7
58 1
59 20
60 20
61 1
62 19
63 8
64 20
65 1
66 20
67 1
68 1
69 14
70 20
71 10
72 1
73 20
74 8
75 13
76 7
77 20
78 7
79 13
80 1
81 1
82 20
83 1
84 15
85 15
86 19
87 19
88 2
89 12
90 17
91 9
92 7
93 4
94 19
95 1
96 1
97 5
98 2
99 8
100 15
101 15
102 12
103 6
104 1
105 7
106 20
107 1
108 14
109 20
110 20
111 18
112 18
113 1
114 20
115 4
116 20
117 1
118 19
119 5
120 15
121 16
122 1
123 4
124 12
125 2
126 20
127 17
128 9
129 20
130 7
131 14
132 19
133 13
134 2
135 1
136 8
137 1
138 16
139 6
140 18
141 18
142 1
143 4
144 15
145 7
146 16
147 3
148 20
149 19
150 7
151 1
152 5
153 10
154 20
155 14
156 1
157 7
158 10
159 1
160 7
161 8
162 14
163 20
164 17
165 1
166 7
167 14
168 18
169 20
170 20
171 1
172 10
173 15
174 4
175 4
176 15
177 2
178 1
179 5
180 18
181 17
182 1
183 1
184 8
185 18
186 1
187 1
188 14
189 3
190 3
191 13
192 5
193 16
194 16
195 20
196 10
197 20
198 5
199 1
200 7
201 10
202 14
203 1
204 1
205 1
206 20
207 20
208 9
209 9
210 6
211 6
212 6
213 20
214 19
215 12
216 1
217 20
218 9
219 7
220 13
221 20
222 16
223 10
224 19
225 20
226 15
227 1
228 19
229 4
230 1
231 10
232 19
233 1
234 20
235 11
236 20
237 20
238 9
239 16
240 14
241 10
242 1
243 5
244 2
245 20
246 11
247 13
248 20
249 20
250 16
251 13
252 20
253 13
254 13
255 4
256 13
257 20
258 14
259 19
260 12
261 2
262 5
263 15
264 10
265 16
266 2
267 12
268 17
269 11
270 5
271 15
272 16
273 13
274 10
275 1
276 19
277 17
278 18
279 1
280 13
281 7
282 14
283 20
284 1
285 1
286 1
287 1
288 1
289 8
290 9
291 10
292 8
293 8
294 1
295 19
296 12
297 16
298 2
299 10
300 14
301 1
302 6
303 9
304 13
305 16
306 7
307 20
308 1
309 8
310 9
311 1
312 13
313 16
314 6
315 15
316 2
317 7
318 19
319 4
320 17
321 17
322 1
323 1
324 12
325 16
326 17
327 7
328 2
329 1
330 1
331 10
332 19
333 16
334 4
335 9
336 6
337 1
338 14
339 15
340 8
341 20
342 3
343 9
344 9
345 20
346 1
347 15
348 1
349 3
350 20
351 9
352 5
353 10
354 14
355 1
356 10
357 6
358 20
359 4
360 17
361 1
362 14
363 1
364 6
365 19
366 12
367 14
368 8
369 1
370 13
371 20
372 11
373 10
374 19
375 13
376 20
377 1
378 9
379 18
380 3
381 1
382 16
383 5
384 10
385 18
386 2
387 15
388 2
389 1
390 16
391 5
392 5
393 3
394 3
395 3
396 11
397 3
398 11
399 11
400 2
401 16
402 19
403 13
404 7
405 2
406 15
407 19
408 13
409 20
410 1
411 14
412 20
413 12
414 4
415 18
416 1
417 16
418 1
419 7
420 16
421 20
422 18
423 3
424 7
425 13
426 20
427 7
428 14
429 1
430 5
431 19
432 12
433 15
434 5
435 14
436 1
437 10
438 17
439 20
440 16
441 19
442 8
443 1
444 10
445 3
446 1
447 20
448 20
449 6
450 7
451 2
452 15
453 12
454 11
455 20
456 2
457 5
458 1
459 11
460 15
461 9
